0000000000000000000000000000000000000000000000000000000000000000000000000000000000000000000000000000000000000000000000000000000000000000000000000000000000000000000000000000000000000000000000000000000000000000000000000000000000000000000000000000000000
0000000000000000000000000000000000000000000000000000000000000000000000000000000000000000000000000000000000000000000000000000000000000000000000000000000000000000000000000000000000000000000000000000000000000000000000000000000000000000000000000000000000
0000000000000000000000000000000000000000000000000000000000000000000000000000000000000000000000000000000000000000000000000000000000000000000000000000000000000000000000000000000000000000000000000000000000000000000000000000000000000000000000000000000000
0000000000000000000000000000000000000000000000000000000000000000000000000000000000000000000000000000000000000000000000000000000000000000000000000000000000000000000000000000000000000000000000000000000000000000000000000000000000000000000000000000000000
0000000000000000000000000000000000000000000000000000000000000000000000000000000000000000000000000000000000000000000000000000000000000000000000000000000000000000000000000000000000000000000000000000000000000000000000000000000000000000000000000000000000
0000000000000000000000000000000000000000000000000000000000000000000000000000000000000000000000000000000000000000000000000000000000000000000000000000000000000000000000000000000000000000000000000000000000000000000000000000000000000000000000000000000000
0000000000000000000000000000000000000000000000000000000000000000000000000000000000000000000000000000000000000000000000000000000000000000000000000000000000000000000000000000000000000000000000000000000000000000000000000000000000000000000000000000000000
0000000000000000000000000000000000000000000000000000000000000000000000000000000000000000000000000000000000000000000000000000000000000000000000000000000000000000000000000000000000000000000000000000000000000000000000000000000000000000000000000000000000
0000000000000000000000000000000000000000000000000000000000000000000000000000000000000000000000000000000NNNNNNNNNNNNNNNNNNNNNNNNNNNNNNNN0000000000000000000000000000000000000000000000000000000000000000000000000000000000000000000000000000000000000000000
0000000000000000000000000000000000000000000000000000000000000000000000000000000000000000000000000000000NNNNNNNNNNNNNNNNNNNNNNNNNNNNNNNN0000000000000000000000000000000000000000000000000000000000000000000000000000000000000000000000000000000000000000000
0000000000000000000000000000000000000000000000000000000000000000000000000000000000000000000000000000000NNNNNNNNNNNNNNNNNNNNNNNNNNNNNNNN0000000000000000000000000000000000000000000000000000000000000000000000000000000000000000000000000000000000000000000
0000000000000000000000000000000000000000000000000000000000000000000000000000000000000000000000000000000111111111111111111111111111111110000000000000000000000000000000000000000000000000000000000000000000000000000000000000000000000000000000000000000000
0000000000000000000000000000000000000000000000000000000000000000000000000000000000000000000000000000000111111111111111111111111111111110000000000000000000000000000000000000000000000000000000000000000000000000000000000000000000000000000000000000000000
0000000000000000000000000000000000000000000000000000000000000000000000000000000000000000000000e00000000111111111111111111111111111111110000000000000000000000000000000000000000000000000000000000000000000000000000000000000000000000000000000000000000000
0000000000000000000000000000000000000000000000000000000000000000000000000000000000000000000000000000000111111111111111111111111111111110000000000000000000000000000000000000000000000000000000000000000000000000000000000000000000000000000000000000000000
0000000000000000000000000000000000000000000000000000000000000000000000000000000000000000000000000000000111111111111111111111111111111110000000000000000000000000000000000000000000000000000000000000000000000000000000000000000000000000000000000000000000
0000000000000000000000000000000000000000000000000000000000000000000000000000000000000000000000000000000111111111111111111111111111111110000000000000000000000000000000000000000000000000000000000000000000000000000000000000000000000000000000000000000000
0000000000000000000000000000000000000000000000000000000000000000000000000000000000000000000000000000000111111111111111111111111111111110000000000000000000000000000000000000000000000000000000000000000000000000000000000000000000000000000000000000000000
0000000000000000000000000000000000000000000000000000000000000000000000000000000000000000000000000000000111111111111111111111111111111110000000000000000000000000000000000000000000000000000000000000000000000000000000000000000000000000000000000000000000
0000000000000000000000000000000000000000000000000000000000000000000000000000000000000000001111111111111111111111111111111111111111111111111111111100000000000000000000000000000000000000000000000000000000000000000000000000000000000000000000000000000000
0000000000000000000000000000000000000000000000000000000000000000000000000000000000000000001111111111111111111111111111111111111111111111111111111100000000000000000000000000000000000000000000000000000000000000000000000000000000000000000000000000000000
0000000000000000000000000000000000000000000000000000000000000000000000000000000000000000001111111111111111111111111111111111111111111111111111111100000000000000000000000000000000000000000000000000000000000000000000000000000000000000000000000000000000
0000000000000000000000000000000000000000000000000000000000000000000000000000000000000000001111111111111111111111111111111111111111111111111111111100000000000000000000000000000000000000000000000000000000000000000000000000000000000000000000000000000000
0000000000000000000000000000000000000000000000000000000000000000000000000000000000000000001111111111111111111111111111111111111111111111111111111100000000000000000000000000000000000000000000000000000000000000000000000000000000000000000000000000000000
0000000000000000000000000000000000000000000000000000000000000000000000000000000000000000001111111111111111111111111111111111111111111111111111111100000000000000000000000000000000000000000000000000000000000000000000000000000000000000000000000000000000
0000000000000000000000000000000000000000000000000000000000000000000000000000000000000000001111111111111111111111111111111111111111111111111111111100000000000000000000000000000000000000000000000000000000000000000000000000000000000000000000000000000000
0000000000000000000000000000000000000000000000000000000000000000000000000000000000000000001111111111111111111111111111111111111111111111111111111100000000000000000000000000000000000000000000000000000000000000000000000000000000000000000000000000000000
0000000000000000000000000000000000000000000000000000000000000000000000000000000000000000001111111111111111111111111111111111111111111111111111111100000000000000000000000000000000000000000000000000000000000000000000000000000000000000000000000000000000
0000000000000000000000000000000000000000000000000000000000000000000000000000000000000011111111111111111111111111111111111111111111111111111111111100000000000000000000000000000000000000000000000000000000000000000000000000000000000000000000000000000000
0000000000000000000000000000000000000000000000000000000000000000000000000000000000000011111111111111111111111111111111111111111111111111111111111111111000000000000000000000000000000000000000000000000000000000000000000000000000000000000000000000000000
0000000000000000000000000000000000000000000000000000000000000000000000000000000000000011111111111111111111111111111111111111111111111111111111111111111000000000000000000000000000000000000000000000000000000000000000000000000000000000000000000000000000
0000000000000000000000000000000000000000000000000000000000000000000000000000000000000011111111111111111111111111111111111111111111111111111111111111111111111111111111111111110000000000000000000000000000000000000000000000000000000000000000000000000000
0000000000000000000000111111111111111111111111111111111111111111111111111111111111111111111111111111111111111111111111111111111111111111111111111111111111111111111111111111111111111111111111111111111111111111111111111111000000000000000000000000000000
0000000000000000000000111111111111111111111111111111111111111111111111111111111111111111111111111111111111111111111111111111111111111111111111111111111111111111111111111111111111111111111111111111111111111111111111111111111111000000000000000000000000
0000000000000000000000111111113333333333333333333333333333333333333333333333333333333333333333333333333333333333333333333333333333333333333333333333333333333333333333333333333333333333333333333333333333333333311111111111111111000000000000000000000000
0000000000000000000000111111113333333333333333333333333333333333333333333333333333333333333333333333333333333333333333333333333333333333333333333333333333333333333333333333333333333333333333333333333333333333311111111111111111000000000000000000000000
0000000000000000000000111111113333333333333333333333333333333333333333333333333333333333333333333333333333333333333333333333333333333333333333333333333333333333333333333333333333333333333333333333333333333333311111111111111111000000000000000000000000
0000000000000000000000111111113333333333333333333333333333333333333333333333333333333333333333333333333333333333333333333333333333333333333333333333333333333333333333333333333333333333333333333333333333333333311111111111111111000000000000000000000000
0000000000000000000000111111113333333333333333333333333333333333333333333333333333333333333333333333333333333333333333333333333333333333333333333333333333333333333333333333333333333333333333333333333333333333311111111111111111000000000000000000000000
0000000000000000000000111111113333333333333333333333333333333333333333333333333333333333333333333333333333333333333333333333333333333333333333333333333333333333333333333333333333333333333333333333333333333333311111111111111111000000000000000000000000
0000000000000000000000111111113333333333333333333333333333333333333333333333333333333333333333333333333333333333333333333333333333333333333333333333333333333333333333333333333333333333333333333333333333333333311111111111111111000000000000000000000000
0000000000000000000000011111113333333333333333333333333333333333333333333333333333333333333333333333333333333333333333333333333333333333333333333333333333333333333333333333333333333333333333333333333333333333311111111111111111000000000000000000000000
0000000000000000000000011111113333333333333333333333333333333333333333333333333333333333333333333333333333333333333333333333333333333333333333333333333333333333333333333333333333333333333333333333333333333333311111111111111111000000000000000000000000
0000000000000000000000011111113333333333333333333333333333333333333333333333333333333333333333333333333333333333333333333333333333333333333333333333333333333333333333333333333333333333333333333333333333333333311111111111111111000000000000000000000000
0000000000000000000000011111113333333333333333333333333333333333333333333333333333333333333333333333333333333333333333333333333333333333333333333333333333333333333333333333333333333333333333333333333333333333311111111111111111000000000000000000000000
0000000000000000000000011111113333333333333333333333333333333333333333333333333333333333333333333333333333333333333333333333333333333333333333333333333333333333333333333333333333333333333333333333333333333333311111111111111111000000000000000000000000
0000000000000000000000011111113333333333333333333333333333333333333333333333333333333333333333333333333333333333333333333333333333333333333333333333333333333333333333333333333333333333333333333333333333333333311111111111111111000000000000000000000000
0000000000000000000000111111113333333333333333333333333333333333333333333333333333333333333333333333333333333333333333333333333333333333333333333333333333333333333333333333333333333333333333333333333333333333311111111111111111000000000000000000000000
0000000000000000000000111111113333333333333333333333333333333333333333333333333333333333333333333333333333333333333333333333333333333333333333333333333333333333333333333333333333333333333333333333333333333333311111111111111111000000000000000000000000
0000000000000000000000111111113333333333333333333333333333333333333333333333333333333333333333333333333333333333333333333333333333333333333333333333333333333333333333333333333333333333333333333333333333333333311111111111111111000000000000000000000000
0000000000000000000000111111113333333333333333333333333333333333333333333333333333333333333333333333333333333333333333333333333333333333333333333333333333333333333333333333333333333333333333333333333333333333311111111111111111000000000000000000000000
0000000000000000000000111111113333333333333333333333333333333333333333333333333333333333333333333333333333333333333333333333333333333333333333333333333333333333333333333333333333333333333333333333333333333333311111111111111111000000000000000000000000
0000000000000000000000111111113333333333333333333333333333333333333333333333333333333333333333333333333333333333333333333333333333333333333333333333333333333333333333333333333333333333333333333333333333333333311111111111111111000000000000000000000000
0000000000000000000000111111113333333333333333333333333333333333333333333333333333333333333333333333333333333333333333333333333333333333333333333333333333333333333333333333333333333333333333333333333333333333311111111111111111000000000000000000000000
0000000000000000000000111111113333333333333333333333333333333333333333333333333333333333333333333333333333333333333333333333333333333333333333333333333333333333333333333333333333333333333333333333333333333333311111111111111111000000000000000000000000
0000000000000000000000111111113333333333333333333333333333333333333333333333333333333333333333333333333333333333333333333333333333333333333333333333333333333333333333333333333333333333333333333333333333333333311111111111111111000000000000000000000000
0000000000000000000000111111113333333333333333333333333333333333333333333333333333333333333333333333333333333333333333333333333333333333333333333333333333333333333333333333333333333333333333333333333333333333311111111111111111000000000000000000000000
0000000000000000000000011111113333333333333333333333333333333333333333333333333333333333333333333333333333333333333333333333333333333333333333333333333333333333333333333333333333333333333333333333333333333333311111111111111111000000000000000000000000
0000000000000000000000011111113333333333333333333333333333333333333333333333333333333333333333333333333333333333333333333333333333333333333333333333333333333333333333333333333333333333333333333333333333333333311111111111111111000000000000000000000000
0000000000000000000000011111113333333333333333333333333333333333333333333333333333333333333333333333333333333333333333333333333333333333333333333333333333333333333333333333333333333333333333333333333333333333311111111111111111000000000000000000000000
0000000000000000000000011111113333333333333333333333333333333333333333333333333333333333333333333333333333333333333333333333333333333333333333333333333333333333333333333333333333333333333333333333333333333333311111111111111111000000000000000000000000
0000000000000000000000011111113333333333333333333333333333333333333333333333333333333333333333333333333333333333333333333333333333333333333333333333333333333333333333333333333333333333333333333333333333333333311111111111111111000000000000000000000000
0000000000000000000000111111113333333333333333333333333333333333333333333333333333333333333333333333333333333333333333333333333333333333333333333333333333333333333333333333333333333333333333333333333333333333311111111111111111000000000000000000000000
0000000000000000000000111111113333333333333333333333333333333333333333333333333333333333333333333333333333333333333333333333333333333333333333333333333333333333333333333333333333333333333333333333333333333333311111111111111111000000000000000000000000
0000000000000000000000111111113333333333333333333333333333333333333333333333333333333333333333333333333333333333333333333333333333333333333333333333333333333333333333333333333333333333333333333333333333333333311111111111111111000000000000000000000000
0000000000000000000000111111113333333333333333333333333333333333333333333333333333333333333333333333333333333333333333333333333333333333333333333333333333333333333333333333333333333333333333333333333333333333311111111111111111000000000000000000000000
0000000000000000000000111111113333333333333333333333333333333333333333333333333333333333333333333333333333333333333333333333333333333333333333333333333333333333333333333333333333333333333333333333333333333333311111111111111111000000000000000000000000
0000000000000000000000111111113333333333333333333333333333333333333333333333333333333333333333333333333333333333333333333333333333333333333333333333333333333333333333333333333333333333333333333333333333333333311111111111111111000000000000000000000000
0000000000000000000000111111113333333333333333333333333333333333333333333333333333333333333333333333333333333333333333333333333333333333333333333333333333333333333333333333333333333333333333333333333333333333311111111111111111000000000000000000000000
0000000000000000000000111111113333333333333333333333333333333333333333333333333333333333333333333333333333333333333333333333333333333333333333333333333333333333333333333333333333333333333333333333333333333333311111111111111111000000000000000000000000
0000000000000000000000111111113333333333333333333333333333333333333333333333333333333333333333333333333333333333333333333333333333333333333333333333333333333333333333333333333333333333333333333333333333333333311111111111111111000000000000000000000000
0000000000000000000000111111113333333333333333333333333333333333333333333333333333333333333333333333333333333333333333333333333333333333333333333333333333333333333333333333333333333333333333333333333333333333311111111111111111000000000000000000000000
0000000000000000000000011111113333333333333333333333333333333333333333333333333333333333333333333333333333333333333333333333333333333333333333333333333333333333333333333333333333333333333333333333333333333333311111111111111111000000000000000000000000
0000000000000000000000011111113333333333333333333333333333333333333333333333333333333333333333333333333333333333333333333333333333333333333333333333333333333333333333333333333333333333333333333333333333333333311111111111111111000000000000000000000000
0000000000000000000000011111113333333333333333333333333333333333333333333333333333333333333333333333333333333333333333333333333333333333333333333333333333333333333333333333333333333333333333333333333333333333311111111111111111000000000000000000000000
0000000000000000000000011111113333333333333333333333333333333333333333333333333333333333333333333333333333333333333333333333333333333333333333333333333333333333333333333333333333333333333333333333333333333333311111111111111111000000000000000000000000
0000000000000000000000011111113333333333333333333333333333333333333333333333333333333333333333333333333333333333333333333333333333333333333333333333333333333333333333333333333333333333333333333333333333333333311111111111111111000000000000000000000000
0000000000000000000000011111113333333333333333333333333333333333333333333333333333333333333333333333333333333333333333333333333333333333333333333333333333333333333333333333333333333333333333333333333333333333311111111111111111000000000000000000000000
0000000000000000000000011111113333333333333333333333333333333333333333333333333333333333333333333333333333333333333333333333333333333333333333333333333333333333333333333333333333333333333333333333333333333333311111111111111111000000000000000000000000
0000000000000000000000111111113333333333333333333333333333333333333333333333333333333333333333333333333333333333333333333333333333333333333333333333333333333333333333333333333333333333333333333333333333333333311111111111111111000000000000000000000000
0000000000000000000000111111113333333333333333333333333333333333333333333333333333333333333333333333333333333333333333333333333333333333333333333333333333333333333333333333333333333333333333333333333333333333311111111111111111000000000000000000000000
0000000000000000000000111111113333333333333333333333333333333333333333333333333333333333333333333333333333333333333333333333333333333333333333333333333333333333333333333333333333333333333333333333333333333333311111111111111111000000000000000000000000
0000000000000000000000111111113333333333333333333333333333333333333333333333333333333333333333333333333333333333333333333333333333333333333333333333333333333333333333333331111111111111111111111111111111111111111111111111111111000000000000000000000000
0000000000000000000000111111113333333333333333333333333333333333333333333333333333333333333333333333333333333333333333333333333333333333333333333333333333333333333333333331111111111111111111111111111111111111110000001111111111000000000000000000000000
0000000000000000000000111111113333333333333333333333333333333333333333333333333333333333333333333333333333333333333333333333333333333333333333333333333333333333333333333331111111111111111111111111111111111111110000001111111111110000000000000000000000
0000000000000000000000111111113333333333333333333333333333333333333333333333333333333333333333333333333333333333333333333333333333333333333333333333333333333333333333333331111111111111111111111111111111111111110000001111100011111110000000000000000000
0000000000000000000000111111113333333333333333333333333333333333333333333333333333333333333333333333333333333333333333333333333333333333333333333333333333333333333333333331111111111111111111111111111000000111110000001111100001111110000000000000000000
0000000000000000000000111111113333333333333333333333333333333333333333333333333333333333333333333333333333333333333333333333333333333333333333333333333333333333333333333331111111111111111111111111111000000111110000001111000000110000000000000000000000
0000000000000000000000011111113333333333333333333333333333333333333333333333333333333333333333333333333333333333333333333333333333333333333333333333333333333333333333333331111111111111111111111111111000000111000000000111000000110000000000000000000000
0000000000000000000000011111113333333333333333333333333333333333333333333333333333333333333333333333333333333333333333333333333333333333333333333333333333333333333333333331111111111111111111111111111000000111000000000110000000110000000000000000000000
0000000000000000000000011111113333333333333333333333333333333333333333333333333333333333333333333333333333333333333333333333333333333333333333333333333333333333333333333331111111111111111111111111110000000011000000000110000000010000000000000000000000
0000000000000000000000011111113333333333333333333333333333333333333333333333333333333333333333333333333333333333333333333333333333333333333333333333333333333333333333333331111111111111111110000111110000000011000000000110000000010000000000000000000000
0000000000000000000000111111113333333333333333333333333333333333333333333333333333333333333333333333333333333333333333333333333333333333333333333333333333333333333333333331111111111111111110000001110000000011000000000000000000000000000000000000000000
0000000000000000000000111111113333333333333333333333333333333333333333333333333333333333333333333333333333333333333333333333333333333333333333333333333333333333333333333331111111111111110000000000000000000000000000000000000000000000000000000000000000
0000000000000000000000111111113333333333333333333333333333333333333333333333333333333333333333333333333333333333333333333333333333333333333333333333333333333333333333333331111111111111110000000000000000000000000000000000000000000000000000000000000000
0000000000000000000000111111113333333333333333333333333333333333333333333333333333333333333333333333333333333333333333333333333333333333333333333333333333333333333333333331111111111111110000000000000000000000000000000000000000000000000000000000000000
0000000000000000000000111111113333333333333333333333333333333333333333333333333333333333333333333333333333333333333333333333333333333333333333333333333333333333333333333331111111111111110000000000000000000000000000000000000000000000000000000000000000
0000000000000000000000111111113333333333333333333333333333333333333333333333333333333333333333333333333333333333333333333333333333333333333333333333333333333333333333333331111111111111110000000000000000000000000000000000000000000000000000000000000000
0000000000000000000000111111113333333333333333333333333333333333333333333333333333333333333333333333333333333333333333333333333333333333333333333333333333333333333333333331111111111111110000000000000000000000000000000000000000000000000000000000000000
0000000000000000000000111111113333333333333333333333333333333333333333333333333333333333333333333333333333333333333333333333333333333333333333333333333333333333333333333331111111100000000000000000000000000000000000000000000000000000000000000000000000
0000000000000000000000111111113333333333333333333333333333333333333333333333333333333333333333333333333333333333333333333333333333333333333333333333333333333333333333333331111111100000000000000000000000000000000000000000000000000000000000000000000000
0000000000000000000000111111113333333333333333333333333333333333333333333333333333333333333333333333333333333333333333333333333333333333333333333333333333333333333333333331111100000000000000000000000000000000000000000000000000000000000000000000000000
0000000000000000000000111111113333333333333333333333333333333333333333333333333333333333333333333333333333333333333333333333333333333333333333333333333333333333333333333331111100000000000000000000000000000000000000000000000000000000000000000000000000
0000000000000000000000111111111111111111111111111111111111111111111111111111111111111111111111111111111111111111111111111111111111111111110000000001111111111111111111111111111100000000000000000000000000000000000000000000000000000000000000000000000000
0000000000000000000000111111111111111111111111111111111111111111111111111111111111111111111111111111111111111111111111111111111111111111110000000001111111111111111111111111110000000000000000000000000000000000000000000000000000000000000000000000000000
0000000000000000000000111100001111111111111111111111111111111111111111111111111111111111111111111111111111111111111111111111111111111111110000000001111111111111111111111111110000000000000000000000000000000000000000000000000000000000000000000000000000
0000000000000000000000110000001111111111111111111111111111111111111111111111111111111111111111111111111111111111111111111111111111111111110000000001111111001111111111111111110000000000000000000000000000000000000000000000000000000000000000000000000000
0000000000000000000000110000001111111111111111111111111111111111111111111111111111111111111111111111111111111111111111111111111111111111110000000001111110001111111111111111100000000000000000000000000000000000000000000000000000000000000000000000000000
0000000000000000000000110000001111111111111111111111111111111111111111111111111111111111111111111111111111111111111111111111111111111111110000000000111000000011111111111111100000000000000000000000000000000000000000000000000000000000000000000000000000
0000000000000000000000000000001111111111111111111111111111111111111111111111111111111111111111111111111111111111111111111111111111111111110000000000111000000011111111111111100000000000000000000000000000000000000000000000000000000000000000000000000000
0000000000000000000000000000000111111111111111111111111111111111111111111111111111111111111111111111111111111111111111111111111111111111110000000000111000000011111111111111100000000000000000000000000000000000000000000000000000000000000000000000000000
0000000000000000000000000000000111111111111111111111111111111111111111111111111111111111111111111111111111111111111111111111111111111111110000000000111000000001111000001100000000000000000000000000000000000000000000000000000000000000000000000000000000
0000000000000000000000000000000111111111111111111111111111111111111111111111111111111111111111111111111111111111111111111111111111111111110000000000001000000001110000001100000000000000000000000000000000000000000000000000000000000000000000000000000000
0000000000000000000000000000000111111111111111111111111111111111111111111111111111111111111111111111111111111111111111111111111111111111110000000000001000000001110000001100000000000000000000000000000000000000000000000000000000000000000000000000000000
0000000000000000000000000000000011111111111111111111111111111111111111111111111111111111111111111111111111111111111111111111111111111111110000000000000000000001110000001100000000000000000000000000000000000000000000000000000000000000000000000000000000
0000000000000000000000000000000011111111111111111111111111111111111111111111111111111111111111111111111111111111111111111111111111111111110000000000000000000000000000000000000000000000000000000000000000000000000000000000000000000000000000000000000000
0000000000000000000000000000000011111111111111111111111111111111111111111111111111111111111111111111111111111111111111111111111111111111110000000000000000000000000000000000000000000000000000000000000000000000000000000000000000000000000000000000000000
0000000000000000000000000000000001111111111111111111111111111111111111111111111111111111111111111111111111111111111111111111111111111111110000000000000000000000000000000000000000000000000000000000000000000000000000000000000000000000000000000000000000
0000000000000000000000000000000001111111111111111111111111111111111111111111111111111111111111111111111111111111111111111111111111111111110000000000000000000000000000000000000000000000000000000000000000000000000000000000000000000000000000000000000000
0000000000000000000000000000000001111111111111111111111111111111111111111111111111111111111111111111111111111111111111111111111111111111110000000000000000000000000000000000000000000000000000000000000000000000000000000000000000000000000000000000000000
0000000000000000000000000000000001111111111111111111111111111111111111111111111111111111111111111111111111111111111111111111111111111111110000000000000000000000000000000000000000000000000000000000000000000000000000000000000000000000000000000000000000
0000000000000000000000000000000000000000000000000000000000000000000000000000000000000000000000000011111111111111111111111111111111111111110000000000000000000000000000000000000000000000000000000000000000000000000000000000000000000000000000000000000000
0000000000000000000000000000000000000000000000000000000000000000000000000000000000000000000000000011111111111111111111111111111111111111110000000000000000000000000000000000000000000000000000000000000000000000000000000000000000000000000000000000000000
0000000000000000000000000000000000000000000000000000000000000000000000000000000000000000000000000011111111111111111111111111111111111111110000000000000000000000000000000000000000000000000000000000000000000000000000000000000000000000000000000000000000
0000000000000000000000000000000000000000000000000000000000000000000000000000000000000000000000000011111111111111111111111111111111111111110000000000000000000000000000000000000000000000000000000000000000000000000000000000000000000000000000000000000000
0000000000000000000000000000000000000000000000000000000000000000000000000000000000000000000000000011111111111111111111111111111111111111110000000000000000000000000000000000000000000000000000000000000000000000000000000000000000000000000000000000000000
0000000000000000000000000000000000000000000000000000000000000000000000000000000000000000000000000011111111111111111111111111111111111111111111111111111000000000000000000000000000000000000000000000000000000000000000000000000000000000000000000000000000
0000000000000000000000000000000000000000000000000000000000000000000000000000000000000000000000000011111111111111111111111111111111111111111111111111111000000000000000000000000000000000000000000000000000000000000000000000000000000000000000000000000000
0000000000000000000000000000000000000000000000000000000000000000000000000000000000000000000000000011111111111111111111111111111111111111111111111111111000000000000000000000000000000000000000000000000000000000000000000000000000000000000000000000000000
0000000000000000000000000000000000000000000000000000000000000000000000000000000000000000000000000011111111111111111111111111111111111111111111111111111000000011100000000000000000000000000000000000000000000000000000000000000000000000000000000000000000
0000000000000000000000000000000000000000000000000000000000000000000000000000000000000000000000000011111111111111111111111111111111111111111111111111111111111111100000000000000000000000000000000000000000000000000000000000000000000000000000000000000000
0000000000000000000000000000000000000000000000000000000000000000000000000000000000000000000000000011111111111111111111111111111111111111111111111111111111111111100000000000000000000000000000000000000000000000000000000000000000000000000000000000000000
0000000000000000000000000000000000000000000000000000000000000000000000000000000000000000000000000011111111111111111111111111111111111111111111111111111111111111100000000000000000000000000000000000000000000000000000000000000000000000000000000000000000
0000000000000000000000000000000000000000000000000000000000000000000000000000000000000000000000000011111111111111111111111111111111111111111111111111111111111111111111000000000000000000000000000000000000000000000000000000000000000000000000000000000000
0000000000000000000000000000000000000000000000000000000000000000000000000000000000000000000000000011111111111111111111111111111111111111111111111111111111111111111111000000000000000000000000000000000000000000000000000000000000000000000000000000000000
0000000000000000000000000000000000000000000000000000000000000000000000000000000000000000000000000011111111111111111111111111111111111111111111111111111111111111111111000000000000000000000000000000000000000000000000000000000000000000000000000000000000
0000000000000000000000000000000000000000000000000000000000000000000000000000000000000000000000000011111111111111111111111111111111111111111111111111111111111111111111000000000000000000000000000000000000000000000000000000000000000000000000000000000000
0000000000000000000000000000000000000000000000000000000000000000000000000000000000000000000000000011111111111111111111111111111111111111111111111111111111111111111111000000000000000000000000000000000000000000000000000000000000000000000000000000000000
0000000000000000000000000000000000000000000000000000000000000000000000000000000000000000000000000011111111111111111111111111111111111111111111111111111111111111111111000000000000000000000000000000000000000000000000000000000000000000000000000000000000
0000000000000000000000000000000000000000000000000000000000000000000000000000000000000000000000000011111111111111111111111111111111111111111111111111111111111111111111000000000000000000000000000000000000000000000000000000000000000000000000000000000000
0000000000000000000000000000000000000000000000000000000000000000000000000000000000000000000000000011111111111111111111111111111111111111111111111111111111111111111111000000000000000000000000000000000000000000000000000000000000000000000000000000000000
0000000000000000000000000000000000000000000000000000000000000000000000000000000000000000000000000011111111111111111111111111111111111111111111111111111111111111111111111111111110000000000000000000000000000000000000000000000000000000000000000000000000
0000000000000000000000000000000000000000000000000000000000000000000000000000000000000000000000000011111111111111111111111111111111111111111111111111111111111111111111111111111110000000000000000000000000000000000000000000000000000000000000000000000000
0000000000000000000000000000000000000000000000000000000000000000000000000000000000000000000000000011111111111111111111111111111111111111111111111111111111111111111111111111111110000000000000000000000000000000000000000000000000000000000000000000000000
0000000000000000000000000000000000000000000000000000000000000000000000000000000000000000000000000011111111111111111111111111111111111111111111111111111111111111111111111111111110000000000000000000000000000000000000000000000000000000000000000000000000
0000000000000000000000000000000000000000000000000000000000000000000000000000000000000000000000000011111111111111111111111111111111111111111111111111111111111111111111111111111110000000000000000000000000000000000000000000000000000000000000000000000000
0000000000001111111111111111111111111111111111111111111111111111111111111111111111111000000000000011111111111111111111111111111111111111111111111111111111111111111111111111111110000000000000000000000000000000000000000000000000000000000000000000000000
00000000000011111111111111111111111111111111111111111111111111111111111111111111111110000000000000111111111111111111111111111111111111111111111111111111111111111111111111111110000000000000000000000000000000000000000000000000000000000000000000000000000
00000000000011111111111111111111111111111111111111111111111111111111111111111111111110000000000000111111111111111111111111111111111111111111111111111111111111111111111111111110000000000000000000000000000000000000000000000000000000000000000000000000000
00000000000011111111111111111111111111111111111111111111111111111111111111111111111110000000000000111111111111111111111111111111111111111111000000000111111111111111111111111110000000000000000000000000000000000000000000000000000000000000000000000000000
00000000000011111333333333333333333333333333333333333333333333333333333333333331111110000000000000111111111111111111111111111111111111111111000000000111111111111111111111111110000000000000000000000000000000000000000000000000000000000000000000000000000
00000000000011111333333333333333333333333333333333333333333333333333333333333331111110000000000000111111111111111111111111111111111111111100000000000001111111111111111111111110000000000000000000000000000000000000000000000000000000000000000000000000000
00000000000011111333333333333333333333333333333333333333333333333333333333333331111110000000000000111111111111111111111111111111111111111100000000000001111111111111111111111110000000000000000000000000000000000000000000000000000000000000000000000000000
00000000000011111333333333333333333333333333333333333333333333333333333333333331111110000000000000111111111111111111111111111111111111111100000000000001111111111111111111111110000000000000000000000000000000000000000000000000000000000000000000000000000
00000000000011111333333333333333333333333333333333333333333333333333333333333331111110000000000000111111111111111111111111111111111111111100000000000001111111111111111111111110000000000000000000000000000000000000000000000000000000000000000000000000000
00000000000011111333333333333333333333333333333333333333333333333333333333333331111110000000000000111111111111111111111111111111111111111100000000000001111111111111111111111110000000000000000000000000000000000000000000000000000000000000000000000000000
00000000000011111333333333333333333333333333333333333333333333333333333333333331111110000000000000111111111111111111111111111111111111111100000000000001111111111111111111111110000000000000000000000000000000000000000000000000000000000000000000000000000
00000000000011111333333333333333333333333333333333333333333333333333333333333331111110000000000000111111111111111111111111111111111111111100000000000001111111111111111111111110000000000000000000000000000000000000000000000000000000000000000000000000000
00000000000011111333333333333333333333333333333333333333333333333333333333333331111110000000000000111111111111111111111111111111111111111100000000000001111111111111111111111110000000000000000000000000000000000000000000000000000000000000000000000000000
00000000000011111333333333333333333333333333333333333333333333333333333333333331111110000000000000111111111111111111111111111111111111111100000000000001111111111111111111111110000000000000000000000000000000000000000000000000000000000000000000000000000
00000000000011111333333333333333333333333333333333333333333333333333333333333331111110000000000000111111111111111111111111111111111111111100000000000001111111111111111111111110000000000000000000000000000000000000000000000000000000000000000000000000000
00000000000011111333333333333333333333333333333333333333333333333333333333333331111110000000000000111111111111111111111111111111111111111100000000000001111111111111111111111110000000000000000000000000000000000000000000000000000000000000000000000000000
00000000000011111333333333333333333333333333333333333333333333333333333333333331111110000000000000111111111111111111111111111111111111111100000000000001111111111111111111111110000000000000000000000000000000000000000000000000000000000000000000000000000
00000000000011111333333333333333333333333333333333333333333333333333333333333331111110000000000000111111111111111111111111111111111111111100000000000001111111111111111111111110000000000000000000000000000000000000000000000000000000000000000000000000000
00000000000011111333333333333333333333333333333333333333333333333333333333333331111110000000000000111111111111111111111111111111111111111100000000000001111111111111111111111110000000000000000000000000000000000000000000000000000000000000000000000000000
00000000000011111333333333333333333333333333333333333333333333333333333333333331111110000000000000111111111111111111111111111111111111111100000000000001111111111111111111111110000000000000000000000000000000000000000000000000000000000000000000000000000
00000000000011111333333333333333333333333333333333333333333333333333333333333331111110000000000000111111111111111111111111111111111111111100000000000001111111111111111111111110000000000000000000000000000000000000000000000000000000000000000000000000000
00000000000011111333333333333333333333333333333333333333333333333333333333333331111110000000000000111111111111111111111111111111111111111100000000000001111111111111111111111110000000000000000000000000000000000000000000000000000000000000000000000000000
00000000000011111333333333333333333333333333333333333333333333333333333333333331111110000000000000111111111111111111111111111111111111111100000000000001111111111111111111111110000000000000000000000000000000000000000000000000000000000000000000000000000
00000000000011111333333333333333333333333333333333333333333333333333333333333331111110000000000000111111111111111111111111111111111111111100000000000001111111111111111111111110000000000000000000000000000000000000000000000000000000000000000000000000000
00000000000011111333333333333333333333333333333333333333333333333333333333333331111110000000000000111111111111111111111111111111111111111100000000000001111111111111111111111110000000000000000000000000000000000000000000000000000000000000000000000000000
00000000000011111333333333333333333333333333333333333333333333333333333333333331111110000000000000111111111111111111111111111111111111111100000000000001111111111111111111111110000000000000000000000000000000000000000000000000000000000000000000000000000
00000000000011111333333333333333333333333333333333333333333333333333333333333331111110000000000000111111111111111111111111111111111111111100000000000001111111111111111111111110000000000000000000000000000000000000000000000000000000000000000000000000000
00000000000011111333333333333333333333333333333333333333333333333333333333333331111110000000000000111111111111111111111111111111111111111100000000000001111111111111111111111110000000000000000000000000000000000000000000000000000000000000000000000000000
00000000000011111333333333333333333333333333333333333333333333333333333333333331111110000000000000111111111111111111111111111111111111111100000000000001111111111111111111111110000000000000000000000000000000000000000000000000000000000000000000000000000
00000000000011111333333333333333333333333333333333333333333333333333333333333331111110000000000000111111111111111111111111111111111111111100000000000001111111111111111111111110000000000000000000000000000000000000000000000000000000000000000000000000000
00000000000011111333333333333333333333333333333333333333333333333333333333333331111110000000000000111111111111111111111111111111111111111100000000000001111111111111111111111110000000000000000000000000000000000000000000000000000000000000000000000000000
00000000000011111333333333333333333333333333333333333333333333333333333333333331111110000000000000111111111111111111111111111111111111111100000000000001111111111111111111111110000000000000000000000000000000000000000000000000000000000000000000000000000
00000000000011111333333333333333333333333333333333333333333333333333333333333331111110000000000000111111111111111111111111111111111111111100000000000001111111111111111111111110000000000000000000000000000000000000000000000000000000000000000000000000000
00000000000011111333333333333333333333333333333333333333333333333333333333333331111110000000000000111111111111111111111111111111111111111100000000000001111111111111111111111110000000000000000000000000000000000000000000000000000000000000000000000000000
0000000000001111133333333333333333333333333333333333333333333333333333333333333111111111111111111111111111111111111111111111111111111111100000000000001111111111111111111111111000000000000000000000000000000000000000000000000000000000000000000000000000
0000000000001111133333333333333333333333333333333333333333333333333333333333333111111111111111111111111111111111111111111111111111111111100000000000001111111111111111111111111000000000000000000000000000000000000000000000000000000000000000000000000000
0000000000001111133333333333333333333333333333333333333333333333333333333333333111111111111111111111111111111111111111111111111111111111100000000000001111111111111111111111111000000000000000000000000000000000000000000000000000000000000000000000000000
0000000000001111133333333333333333333333333333333333333333333333333333333333333111111111111111111111111111111111111111111111111111111111100000000000001111111111111111111111111000000000000000000000000000000000000000000000000000000000000000000000000000
0000000000001111133333333333333333333333333333333333333333333333333333333333333111111111111111111111111111111111111111111111111111111111100000000000001111111111111111111111111000000000000000000000000000000000000000000000000000000000000000000000000000
0000000000001111133333333333333333333333333333333333333333333333333333333333333111111111111111111111111111111111111111111111111111111111100000000000001111111111111111111111111000000000000000000000000000000000000000000000000000000000000000000000000000
0000000000001111133333333333333333333333333333333333333333333333333333333333333111111111111111111111111111111111111111111111111111111111100000000000001111111111111111111111111000000000000000000000000000000000000000000000000000000000000000000000000000
0000000000001111133333333333333333333333333333333333333333333333333333333333333111111111111111111111111111111111111111111111111111111111100000000000001111111111111111111111111000000000000000000000000000000000000000000000000000000000000000000000000000
0000000000001111133333333333333333333333333333333333333333333333333333333333333111111111111111111111111111111111111111111111111111111111100000000000001111111111111111111111111000000000000000000000000000000000000000000000000000000000000000000000000000
0000000000001111133333333333333333333333333333333333333333333333333333333333333111111111111111111111111111111111111111111111111111111111100000000000001111111111111111111111111000000000000000000000000000000000000000000000000000000000000000000000000000
0000000000001111133333333333333333333333333333333333333333333333333333333333333111111111111111111111111111111111111111111111111111111111100000000000001111111111111111111111111000000000000000000000000000000000000000000000000000000000000000000000000000
0000000000001111133333333333333333333333333333333333333333333333333333333333333111111111111111111111111111111111111111111111111111111111100000000000001111111111111111111111111000000000000000000000000000000000000000000000000000000000000000000000000000
0000000000001111133333333333333333333333333333333333333333333333333333333333333111111111111111111111111111111111111111111111111111111111100000000000001111111111111111111111111000000000000000000000000000000000000000000000000000000000000000000000000000
0000000000001111133333333333333333333333333333333333333333333333333333333333333111111111111111111111111111111111111111111111111111111111100000000000001111111111111111111111111000000000000000000000000000000000000000000000000000000000000000000000000000
0000000000001111133333333333333333333333333333333333333333333333333333333333333111111000000000000011111111111111111111111111111111111111100000000000001111111111111111111111111000000000000000000000000000000000000000000000000000000000000000000000000000
0000000000001111133333333333333333333333333333333333333333333333333333333333333111111000000000000011111111111111111111111111111111111111100000000000001111111111111111111111111000000000000000000000000000000000000000001111111111111111111111000000000000
0000000000001111133333333333333333333333333333333333333333333333333333333333333111111000000000000011111111111111111111111111111111111111100000000000001111111111111111111111111000000000000000000000000000000000000000001111111111111111111111000000000000
0000000000001111133333333333333333333333333333333333333333333333333333333333333111111000000000000011111111111111111111111111111111111111100000000000001111111111111111111111111000000000000000000000000000000000000000001111111111111111111111000000000000
0000000000001111133333333333333333333333333333333333333333333333333333333333333111111000000000000011111111111111111111111111111111111111100000000000001111111111111111111111111000000000000000000000000000000000000000001111111111111111111111000000000000
0000000000001111133333333333333333333333333333333333333333333333333333333333333111111000000000000011111111111111111111111111111111111111100000000000001111111111111111111111111000000000000000000000000000000000000000001111111111111111111111000000000000
0000000000001111133333333333333333333333333333333333333333333333333333333333333111111000000000000011111111111111111111111111111111111111100000000000001111111111111111111111111000000000000000000000000000000000000000001111111111111111111111000000000000
0000000000001111133333333333333333333333333333333333333333333333333333333333333111111000000000000011111111111111111111111111111111111111100000000000001111111111111111111111111000000000000000000000000000000000000000001111111111111111111111000000000000
0000000000001111133333333333333333333333333333333333333333333333333333333333333111111000000000000011111111111111111111111111111111111111100000000000001111111111111111111111111000000000000000000000000000000000000000001111111111111111111111000000000000
0000000000001111133333333333333333333333333333333333333333333333333333333333333111111000000000000011111111111111111111111111111111111111100000000000001111111111111111111111111000000000000000000000000000000000000000001111111111111111111111000000000000
0000000000001111133333333333333333333333333333333333333333333333333333333333333111111000000000000011111111111111111111111111111111111111100000000000001111111111111111111111111000000000000000000000000000000000000000001111111111111111111111000000000000
0000000000001111133333333333333333333333333333333333333333333333333333333333333111111000000000000011111111111111111111111111111111111111100000000000001111111111111111111111111000000000000000000000000000000000000000001111111111111111111111000000000000
0000000000001111133333333333333333333333333333333333333333333333333333333333333111111000000000000011111111111111111111111111111111111111100000000000001111111111111111111111111000000000000000000000000000000000000000001111111111111111111111000000000000
0000000000001111133333333333333333333333333333333333333333333333333333333333333111111000000000000011111111111111111111111111111111111111100000000000001111111111111111111111111000000000000000000000d00000000000000000001111111111111111111111000000000000
0000000000001111133333333333333333333333333333333333333333333333333333333333333111111000000000000011111111111111111111111111111111111111100000000000001111111111111111111111111000000000000000000000000000000000000000001111111111111111111111000000000000
0000000000001111133333333333333333333333333333333333333333333333333333333333333111111000000000000011111111111111111111111111111111111111100000000000001111111111111111111111111110000000000001111111111111111111111111111111111111111111111111000000000000
0000000000001111133333333333333333333333333333333333333333333333333333333333333111111000000000000011111111111111111111111111111111111111100000000000001111111111111111111111111110000000000001111111111111111111111111111111111111111111111111000000000000
0000000000001111133333333333333333333333333333333333333333333333333333333333333111111000000000000011111111111111111111111111111111111111100000000000001111111111111111111111111110000000000001111111111111111111111111111111111111111111111111000000000000
0000000000001111133333333333333333333333333333333333333333333333333333333333333111111000000000000011111111111111111111111111111111111111100000000000001111111111111111111111111110000000000001111111111111111111111111111111111111111111111111000000000000
0000000000001111133333333333333333333333333333333333333333333333333333333333333111111000000000000011111111111111111111111111111111111111100000000000001111111111111111111111111110000000000001111111111111111111111111111111111111111111111111000000000000
0000000000001111133333333333333333333333333333333333333333333333333333333333333111111000000000000011111111111111111111111111111111111111100000000000001111111111111111111111111110000000000001111111111111111111111111111111111111111111111111000000000000
0000000000001111133333333333333333333333333333333333333333333333333333333333333111111000000000000011111111111111111111111111111111111111100000000000001111111111111111111111111110000000000001111111111111111111111111111111111111111111111111000000000000
0000000000001111133333333333333333333333333333333333333333333333333333333333333111111000000000000011111111111111111111111111111111111111100000000000001111111111111111111111111110000000000001111111111111111111111111111111111111111111111111000000000000
0000000000001111133333333333333333333333333333333333333333333333333333333333333111111000000000000011111111111111111111111111111111111111100000000000001111111111111111111111111110000000000001111111111111111111111111111111111111111111111111000000000000
0000000000001111133333333333333333333333333333333333333333333333333333333333333111111000000000000011111111111111111111111111111111111111100000000000001111111111111111111111111110000000000001111111111111111111111111111111111111111111111111000000000000
0000000000001111133333333333333333333333333333333333333333333333333333333333333111111000000000000011111111111111111111111111111111111111100000000000001111111111111111111111111110000000000001111111111111111111111111111111111111111111111111000000000000
0000000000001111133333333333333333333333333333333333333333333333333333333333333111111000000000000011111111111111111111111111111111111111100000000000001111111111111111111111111111111111111111111111111111111111111111111111111111111111111111000000000000
0000000000001111133333333333333333333333333333333333333333333333333333333333333111111000000000000011111111111111111111111111111111111111100000000000001111111111111111111111111111111111111111111111111111111111111111111111111111111111111111000000000000
0000000000001111133333333333333333333333333333333333333333333333333333333333333111111000000000000011111111111111111111111111111111111111100000000000001111111111111111111111111111111111111111111111111111111111111111111111111111111111111111000000000000
0000000000001111133333333333333333333333333333333333333333333333333333333333333111111000000000000011111111111111111111111111111111111111100000000000001111111111111111111111111111111111111111111111111111111111111111111111111111111111111111000000000000
0000000000001111133333333333333333333333333333333333333333333333333333333333333111111000000000000011111111111111111111111111111111111111100000000000001111111111111111111111111111111111111111111111111111111111111111111111111111111111111111000000000000
0000000000001111133333333333333333333333333333333333333333333333333333333333333111111000000000000011111111111111111111111111111111111111100000000000001111111111111111111111111111111111111111111111111111111111111111111111111111111111111111000000000000
0000000000001111133333333333333333333333333333333333333333333333333333333333333111111000000000000011111111111111111111111111111111111111100000000000001111111111111111111111111111111111111111111111111111111111111111111111111111111111111111000000000000
0000000000001111133333333333333333333333333333333333333333333333333333333333333111111000000000000011111111111111111111111111111111111111100000000000001111111111111111111111111111111111111111111111111111111111111111111111111111111111111111000000000000
0000000000001111133333333333333333333333333333333333333333333333333333333333333111111000000000000011111111111111111111111111111111111111100000000000001111111111111111111111111111111111111111111111111111111111111111111111111111111111111111000000000000
0000000000001111133333333333333333333333333333333333333333333333333333333333333111111000000000000011111111111111111111111111111111111111100000000000001111111111111111111111111111111111111111111111111111111111111111111111111111111111111111000000000000
0000000000001111133333333333333333333333333333333333333333333333333333333333333111111000000000000011111111111111111111111111111111111111100000000000001111111111111111111111111111111111111111111111111111111111111111111111111111111111111111000000000000
0000000000001111133333333333333333333333333333333333333333333333333333333333333111111000000000000011111111111111111111111111111111111111100000000000001111111111111111111111111111111111111111111111111111111111111111111111111111111111111111000000000000
0000000000001111133333333333333333333333333333333333333333333333333333333333333111111000000000000011111111111111111111111111111111111111100000000000001111111111111111111111111111111111111111111111111111111111111111111111111111111111111111000000000000
0000000000001111133333333333333333333333333333333333333333333333333333333333333111111000000000000011111111111111111111111111111111111111100000000000001111111111111111111111111111111111111111111111111111111111111111111111111111111111111111000000000000
0000000000001111133333333333333333333333333333333333333333333333333333333333333111111000000000000011111111111111111111111111111111111111100000000000001111111111111111111111111111111111111111111111111111111111111111111111111111111111111111000000000000
0000000000001111133333333333333333333333333333333333333333333333333333333333333111111000000000000011111111111111111111111111111111111111100000000000000000000000000000000000000000000000000000000000000000000000000000000000000000000000000000000000000000
0000000000001111133333333333333333333333333333333333333333333333333333333333333111111000000000000011111111111111111111111111111111111111100000000000000000000000000000000000000000000000000000000000000000000000000000000000000000000000000000000000000000
0000000000001111133333333333333333333333333333333333333333333333333333333333333111111000000000000011111111111111111111111111111111111111100000000000000000000000000000000000000000000000000000000000000000000000000000000000000000000000000000000000000000
0000000000001111133333333333333333333333333333333333333333333333333333333333333111111000000000000011111111111111111111111111111111111111100000000000000000000000000000000000000000000000000000000000000000000000000000000000000000000000000000000000000000
0000000000001111133333333333333333333333333333333333333333333333333333333333333111111000000000000011111111111111111111111111111111111111100000000000000000000000000000000000000000000000000000000000000000000000000000000000000000000000000000000000000000
0000000000001111133333333333333333333333333333333333333333333333333333333333333111111000000000000011111111111111111111111111111111111111100000000000000000000000000000000000000000000000000000000000000000000000000000000000000000000000000000000000000000
0000000000001111133333333333333333333333333333333333333333333333333333333333333111111000000000000011111111111111111111111111111111111111100000000000000000000000000000000000000000000000000000000000000000000000000000000000000000000000000000000000000000
0000000000000000000000000000000000000000000000000000000000000000000000000000000000000000000000000011111111111111111111111111111111111111100000000000000000000000000000000000000000000000000000000000000000000000000000000000000000000000000000000000000000
0000000000000000000000000000000000000000000000000000000000000000000000000000000000000000000000000011111111111111111111111111111111111111100000000000000000000000000000000000000000000000000000000000000000000000000000000000000000000000000000000000000000
0000000000000000000000000000000000000000000000000000000000000000000000000000000000000000000000000011111111111111111111111111111111111111100000000000000000000000000000000000000000000000000000000000000000000000000000000000000000000000000000000000000000
0000000000000000000000000000000000000000000000000000000000000000000000000000000000000000000000000011111111111111111111111111111111111111100000000000000000000000000000000000000000000000000000000000000000000000000000000000000000000000000000000000000000
00000000000000000000000000000000000000000000000000000000000000000000000000000000000000000000000000PPPPPPPPPPPPPPPPPPPPPPPPPPPPPPPPPPPPPPP00000000000000000000000000000000000000000000000000000000000000000000000000000000000000000000000000000000000000000
00000000000000000000000000000000000000000000000000000000000000000000000000000000000000000000000000PPPPPPPPPPPPPPPPPPPPPPPPPPPPPPPPPPPPPPP00000000000000000000000000000000000000000000000000000000000000000000000000000000000000000000000000000000000000000
00000000000000000000000000000000000000000000000000000000000000000000000000000000000000000000000000PPPPPPPPPPPPPPPPPPPPPPPPPPPPPPPPPPPPPPP00000000000000000000000000000000000000000000000000000000000000000000000000000000000000000000000000000000000000000
00000000000000000000000000000000000000000000000000000000000000000000000000000000000000000000000000PPPPPPPPPPPPPPPPPPPPPPPPPPPPPPPPPPPPPPP00000000000000000000000000000000000000000000000000000000000000000000000000000000000000000000000000000000000000000
